634215184
528018108
442959546
551360268
846534784
995502927
803018791
115202338
200288594
169928059
211518639
629799314
472814461
856350180
883784716
381441719
702089342
753247016
801684367
120805085
134439662
337251105
286683776
917070566
589323268
441791462
696994835
751614076
419497046
242856361
860795504
475732909
650356513
935489400
276049948
266563842
749406170
540783309
125128205
788669573
696332467
290034889
882616892
616660502
110295913
587901337
720893422
460527968
458223323
308505519
967069062
731761499
208780475
216432192
221851675
436282640
607923123
160584079
497485988
373004207
551313235
420647715
184831488
855643029
680528943
421728447
863563921
751556987
670801665
343885008
977560997
206077065
643931170
685357956
825987273
429776723
476261600
982471169
335292994
903897063
295408337
589843714
609305779
241769819
324085077
143030272
850923466
381033007
280166290
358630691
676025807
315990209
777767565
667431152
251233643
330824574
753538326
833748605
797847621
759855334
