531368423
784316344
341485647
754324124
331758047
734018061
704327238
189435762
413516679
487696298
772989748
393114615
520375261
461389229
543305439
177510966
982257473
959141730
515602928
536206584
237454544
173707869
277592558
486652816
917404210
525096906
930045316
554605404
666511128
399463973
499720802
188821628
201901286
527100793
585147826
907648216
507414463
825674464
711392482
999322358
966248345
286236399
796530458
838524339
661194835
172621651
412039142
712017311
280750586
424220325
882572179
757731316
907864166
891833519
420696975
177682856
906141899
923901873
908711201
437196178
635296361
627997046
337423516
908512088
371588565
575089596
677939557
768259233
443039440
978394436
439402207
689841368
269037165
736411825
706407728
783693428
842656869
286928572
215736998
190663788
820893623
137405835
996248184
861499810
797556225
451464523
913651315
736765371
662417704
670340004
726962682
247004483
993867736
849647605
809735100
996115883
334334948
198974448
619391175
680625666
939486181
857318321
416552074
135816799
715655921
686020931
867689943
908253577
328348788
342023977
479141430
456188826
652711123
389943392
498987753
161438760
945743418
198505774
933113072
287784495
503288083
944465954
441877449
682726275
776118495
206439061
695664998
737371587
352057364
904704107
230433132
754870180
418756761
322414373
144570878
468943066
226295306
823023617
525774944
142258822
140946973
506077882
998808531
727879311
222626400
326951679
930566183
652646241
275166466
288809872
786376545
930247802
532147093
624999096
731040658
789967012
876009453
126400673
972273290
647973453
676594675
634551521
389397220
959735259
668364799
432605471
245524347
641221337
208779781
813380443
350946037
571365685
956581346
183932147
314850757
830979067
449462844
877169232
298589165
728027498
516980763
960828223
894332688
195184152
401900055
311038947
484650534
147184888
339031920
809348577
868692384
658263795
137642400
947585532
250748207
523723242
635255012
547574073
709574285
127327170
679593221
542028190
649095075
871797372
179120559
158195616
960425642
110044402
374092618
688885559
504158417
956704864
542615013
627002462
412537134
962396452
923871437
444923190
973745781
962079296
559423483
190610662
697675736
628618143
793327244
520016417
406108565
880331053
553159744
485019376
537999769
849059899
322892363
859087177
325300479
566305275
208148692
107302753
857513338
503335854
318989835
277926344
980304403
297346097
736843996
405864694
237519723
699155254
151077236
675636441
775286897
207523373
679118506
591941306
353691323
441618328
733760710
646569331
103933098
309747604
718428143
180877594
297983996
767472732
508049894
260703332
826494713
223279180
404402361
211519613
496509079
691384546
997412991
447929057
465768104
686285770
148362095
794071975
957400890
251288335
613933984
576132016
702057068
180958427
398625743
184520639
498021881
665689915
841741807
588509921
669909225
486035106
343801928
932758672
285353146
860363832
482609178
542366705
629260997
214017955
501975145
598989836
310276530
317317295
845273235
921756364
620126979
146437459
669219273
373872730
950420007
444411274
412646521
883194593
310252131
630486150
329686961
277391376
950284584
842123461
812487979
318931389
650185560
636741251
265194732
236435981
706027825
633854209
219131345
575101171
465414886
658932981
858929658
940809907
241596058
396763350
126835632
378843111
978641303
287077175
830436764
789599870
288766049
553105517
290137744
420256758
983098744
591903076
658467940
663375341
239880072
861707264
842895934
990577849
522908354
131734571
766759149
260512869
527610312
903495189
976582796
205157000
779704747
921758114
513047556
208644273
739521035
530218018
184913714
870547246
370756964
597038014
764676510
865886784
363605543
137519060
282909193
455831976
831237794
706195236
183618583
484016835
734360598
369080907
420617782
907666475
155680410
409159800
629293490
383119980
625453321
989778279
293613254
827745782
388920688
543316043
721635726
378411386
240725404
577849933
824656325
844181570
625764408
578557917
393794717
470302817
546875719
824052707
299603432
827489510
267997928
925144515
937453585
391086705
993165201
615538864
688146689
634510881
933564807
277664643
742437555
661115161
986576828
170184466
546025312
217058267
104991371
521098556
762233031
672643403
636148818
953211408
978649077
770593057
781024697
232271965
188836604
730962143
574032513
169209266
566364077
902707220
107898209
497268440
884759422
135779851
567557682
727105103
417614966
550025469
357000725
904135240
343174439
308505062
508183640
581509542
318992772
811333505
792437180
263189755
793651768
339616326
372913690
834384656
205539109
381398868
341718199
700061372
304135551
984330761
396192490
918819464
991150140
337699953
302460138
223432339
726001425
809081035
652364798
326363889
563524548
593899328
576140918
724545374
214365628
401678926
262981337
393655817
512618898
147028563
407586161
265549479
729907454
469650820
483714000
414774350
550594331
949910613
586238672
415022720
587075984
324899768
286452459
400480929
519061180
885584715
989695847
176627239
125274500
365370359
198713779
578686231
505395203
289620571
750376325
595737750
370631544
125210070
624957189
317874136
340824862
573765360
908227105
129612777
776222094
355327211
919977502
741952099
968567567
723571201
727508339
760073263
934238984
277352309
431678926
955660550
923717628
386302653
979122412
719866793
675531922
267009776
403085566
545659799
503057825
364288601
655247694
841974879
467544544
287794375
572968892
311824694
828138691
692264384
376392066
596188171
307361468
801149943
650027318
808454682
112064024
443901603
904178933
986047424
944362701
973311318
991140721
276682606
268572199
885958867
290482227
380094604
988788470
178697202
687593970
450811372
483456097
681730188
912290878
660815013
983356796
520274410
385014714
186006653
298036156
884057894
398317673
841295394
968005746
223644247
861168945
383902252
606943310
318081765
148249845
169416598
858545552
505509576
926899479
659095205
344563013
416852226
915043911
739775174
555516672
976049162
900825856
791975147
570314135
326099264
640756897
965702715
732127610
873058432
217127456
331770034
905983528
926369041
212347734
456448323
158539126
766700559
949588531
433475017
377450746
315624362
758152663
114089207
710233908
742882594
275500464
208649172
110274870
781659589
851253823
402993331
140328152
898758557
270182006
105854090
250953173
331247912
973764165
243577919
663869638
248686499
378560846
112139971
264599478
139941023
692202776
737722199
164320349
291415920
674450804
674897357
262801237
775598774
116492139
942842393
349527376
594104899
754862453
619260748
508155633
634304396
865813358
981484100
399969510
878603219
811533375
510168741
772532644
335302883
334763414
585420127
518561974
821535607
674314078
151638184
998463817
687567091
772489915
479392119
550297366
704398914
985239447
599392657
726415673
631326496
368464863
118855633
235395481
697456853
284008708
507455026
623144682
620845628
690060415
852442151
999330425
440579426
161192440
532898726
280848854
561049125
414578096
108621074
847199970
565365683
723123898
156441554
624001099
657708528
234737014
517688535
293282330
590742069
143410898
525072637
189980616
201620635
647869497
617726691
354746266
158252463
502794172
494114548
238783769
701431323
368278768
147459080
722079803
247909232
182246376
920125170
352887324
587987673
163325853
626228944
918486433
661333350
208521139
890552235
963695185
407321951
533908479
218853190
360051723
895030974
902284963
336456059
981065257
902144657
595276546
664073451
926824386
309458553
496641402
992329319
274006173
218124258
482971833
983323261
265650987
745622294
626888939
469034857
548196599
267623796
771680640
948243052
256754078
849028452
595967198
117163358
118170658
364774530
102371359
917263864
896494560
363218541
285842905
433033011
576612036
909075053
277812167
738508957
113854252
693822090
602277543
471396854
669911665
649595591
958702508
529300671
499964568
486012308
397414946
798064470
416168113
205325821
718806470
519369277
503150212
342942676
685748323
560694416
730287978
514909438
960225119
767113363
239809028
814563116
703890164
411031560
838801074
314178496
770064047
746791122
829014701
280673191
371412578
499555912
380565343
627691194
693228191
208355486
916313776
465637927
957494755
219861097
265831875
642718264
533532465
123299145
311235215
785823526
711397154
693690667
412485722
280390001
234615205
480880440
843734134
495107012
931093778
486058990
360386574
115272897
273821306
195325438
542228429
323660294
346672065
277960171
680558908
957716464
572070759
758006225
190580576
327263847
399889318
491136627
893356553
404682899
789702968
294408910
930221148
891092243
691762759
900546825
599707618
879320419
214374848
260484214
138452670
228586832
549284962
275729978
183708999
505072772
919948818
318485167
931938687
153361589
745454859
599644464
835024016
125381160
412616231
564869549
424782170
716732356
530709308
347078355
938361799
863111362
324085969
132217319
270037381
896562069
449599292
809003678
147420905
113776023
600178310
178971149
797729855
662884011
837359533
948088201
641971376
835362757
259183179
654165693
816352595
640075664
934223520
875503781
569778787
696226553
481031910
460552160
387994803
755211273
975740951
293158315
124615283
993290487
289236192
286982911
105730609
266901548
536703334
970587778
557821702
444243075
993806115
541197086
854833048
821794634
367049320
816014691
625961357
283517737
665971709
100837822
818165740
831049304
613811929
896910605
763411687
925691510
326998051
268833811
902613064
483739654
868061675
230395778
654662288
493719096
221642553
915880868
417301729
189638846
667138378
191695504
752993126
333091274
469296996
669435912
553257695
505454443
296115663
812841386
300939358
188219775
975904548
105764802
734570993
768883030
319478227
540131497
142706233
506255899
291907115
718779694
662726863
366740767
536277094
960802587
902495495
338817638
179344157
869712277
903642800
106779027
842034308
873460832
